   800000000           1           8           2           1           7           7           6           6           6
           0           7000000           4           4           7           3           7           9           9          10
           0           0           6          10           1           9           2           5           9           8
           0           0           0           4           6          1000000           1          10           8           4
           0           0           0           0           8           9           3           1           4           3
           0           0           0           0           0           6           900000           0.4           5           9
           0           0           0           0           0           0          10           6           8          10
           0           0           0           0           0           0           0           1           2           7
           0           0           0           0           0           0           0           0           2           3
           0           0           0           0           0           0           0           0           0           0.1

 1.7765e+10