        5000          10           8           5           7           3           9           7           3           1
           0           8           9           5           3           8           6           6           5          10
           0           0           4           7           3           9           5           7           2           4
           0           0           0          10           8           3           9           4           3           1
           0           0           0           0           7           8           4           7           3           4
           0           0           0           0           0           2           5           9           4           8
           0           0           0           0           0           0          10           1           2           8
           0           0           0           0           0           0           0           1           4           6
           0           0           0           0           0           0           0           0           2           7
           0           0           0           0           0           0           0           0           0           9

a= 1.3889e+05