     8     5    10     5     9    10     8     5     9     8
     0     8     2     6     4     7     5     7     9     4
     0     0     8     8     3    10     7     3     2     5
     0     0     0     5     9     3     2    10     2     3
     0     0     0     0     4     9     6     7     2     8
     0     0     0     0     0    10     7     3     1     2
     0     0     0     0     0     0     1     6     1     8
     0     0     0     0     0     0     0     9     6     9
     0     0     0     0     0     0     0     0     7     8
     0     0     0     0     0     0     0     0     0     4

  111.0712