   500     5    10     3     6     3     1     4     5     6
     0     7     7     6     6     6     9     9    10     8
     0     0     7     9     9    10     6     7     6     9
     0     0     0     5     9     8    10     3     1     4
     0     0     0     0     8     4     1     4     1     7
     0     0     0     0     0     3     6     2     9    10
     0     0     0     0     0     0     3     7     5     1
     0     0     0     0     0     0     0     6     4     6
     0     0     0     0     0     0     0     0     8     5
     0     0     0     0     0     0     0     0     0     4

   1.1662e+03