441209.358811 -136227.958286 -32063.782014 -19950.107667 -11068.817131 -531.947170 -3256.932480 -12967.934133 -5091.077582 -75019.620106 
-136221.377466 42069.381347 9898.883251 6154.304897 3408.901740 157.188464 1002.867768 3999.590742 1566.988953 23161.861802 
-32068.118875 9895.176446 2333.908907 1452.180378 806.474118 39.853278 238.419535 948.062196 370.109795 5452.815204 
-19949.002869 6157.146493 1448.511634 907.867590 502.463173 23.687582 147.486980 585.941967 235.051854 3391.833270 
-11069.580626 3415.832940 803.598413 499.224135 284.979975 17.031461 86.267268 328.511210 137.072192 1881.595752 
-536.146250 156.642744 36.850111 22.890944 12.652016 4.548424 6.725611 15.879458 15.825764 96.238883 
-3260.431024 1002.284418 235.793855 146.482872 80.977250 3.528873 26.845207 98.218262 40.285274 556.809790 
-12974.632706 3998.907227 940.770044 584.439163 323.086996 14.083401 95.138776 380.903428 153.762292 2211.608178 
-5093.445582 1566.477854 368.524085 228.939376 126.560262 5.515570 37.267944 148.817494 62.273556 870.427767 
-75016.126509 23169.320451 5450.746301 3386.202921 1871.959131 81.616324 551.232046 2201.138059 861.924032 12756.932756 
